   1.1149581
  -0.6358074
  -2.1367856
  -2.4963408
  -3.0595022
  -3.4126205
  -2.7193189
  -3.1763051
  -2.2375632
  -2.5863844
  -1.8838315
  -1.1333814
  -0.6763439
  -0.7159091
   1.2717520
   0.1817108
   0.4592597
   3.5002146
   2.3058535
   1.9161221
   0.7294116
  -0.4105737
  -1.3692132
  -0.6476333
  -0.0505264
   0.0881117
   1.6636077
   1.8881380
   1.8510384
  -0.4879799
  -1.6930110
   1.4329779
   0.4458044
   0.7421496
   1.3929819
   1.9863780
   0.6478998
   1.3326992
  -0.0947640
  -0.6377186
   1.0298323
   1.8982918
   2.2387583
   2.6042722
   3.8627991
   4.7695555
   5.6151738
   2.7382643
   4.3194118
   3.7302004
   3.4633720
   1.9561177
   3.3777618
   1.7742451
   2.1700636
   2.4430260
   4.0154498
   2.7623802
   2.7747886
   1.6269021
   3.0509033
   0.5522793
  -0.7319811
  -0.1578894
   1.2993819
   3.5945399
   3.6899992
   2.8417614
   3.0151715
   2.7634448
   2.1941241
   0.7461103
   2.3722189
   3.9655586
   2.3287387
   1.0352302
  -0.6488835
  -0.8370312
   1.2905949
   2.2773857
   2.0199502
   3.3571381
   2.0764752
  -0.0419792
   0.5321962
  -1.7591141
  -0.8144517
  -1.7234257
  -0.5725631
   0.7884925
   0.4786333
   0.3469269
  -1.4442252
  -2.1399352
  -2.0556160
  -2.0937085
  -2.3398585
  -2.3339079
  -0.3703913
  -0.6727445
  -0.2080153
  -1.4050132
  -1.1673983
  -1.4028842
   0.3147783
   0.2296926
   1.8961146
  -0.3450258
   0.5543410
  -1.7200677
  -2.2779735
   1.0760677
  -0.6458975
  -1.4525297
   0.4461861
  -0.4326619
  -0.0506164
   0.5888085
  -0.0478281
  -0.4783028
  -0.1670499
  -1.7619402
  -1.1251686
  -2.3021371
  -1.3687973
  -0.7669459
  -2.7390277
  -1.0718110
  -1.2254595
  -1.5141634
  -2.5288230
  -0.4510557
  -0.0563802
   1.2335745
  -0.6122454
  -0.1143167
  -0.4474204
  -0.8418292
   1.2210036
   1.7922373
   2.3295077
   1.8590556
   1.2378815
   1.1646829
  -0.3240134
  -0.4296041
  -0.6939138
   1.5556291
   0.9157104
   1.5973031
   2.5750640
   0.9159400
   1.1613942
  -0.4410122
   0.3076860
   0.6253374
   0.0927673
  -0.5793005
   0.6242010
   0.7468268
  -0.0786125
  -1.4361357
  -0.7990865
   0.6821489
  -0.9492094
  -1.2031297
  -2.3243850
  -1.7262477
  -2.2793658
  -1.4362485
  -1.6016346
  -0.6852524
  -0.1123235
  -0.3807710
  -0.5890591
   0.0287829
  -0.9220917
  -2.4400818
  -2.4206270
  -3.8977047
  -3.7140436
  -3.6173059
  -2.3069885
  -3.6546779
  -4.0077690
  -3.8292642
  -3.2391525
  -3.3619713
  -3.5468873
  -0.9793397
  -0.6608968
   0.3063260
  -0.2725324
  -0.6088765
  -0.5874707
  -0.6450768
  -1.3879567
  -0.2928318
   0.8554169
   0.5827874
   0.4299464
  -0.6153279
  -0.7973858
  -1.2118301
  -1.4991639
  -0.2116658
  -1.5945270
  -0.3597428
  -2.3917177
  -2.4521385
  -0.6787805
   0.0469099
   0.3093818
   1.1856145
   1.4826103
  -0.5246660
  -0.0473966
  -0.2091372
  -0.7559925
  -2.3577777
  -1.2192722
  -1.4615905
  -2.7806535
  -1.4972359
  -0.8294396
   0.0241012
  -0.5459467
  -0.8706297
   0.4398932
  -0.6457706
  -1.0975920
  -0.8390904
  -1.1229802
  -1.1793048
  -0.9136596
  -0.8409601
   0.1022112
   0.3986141
  -1.1196626
  -0.5587767
  -0.8522221
  -0.3360496
  -0.7777433
  -0.9210930
  -0.5584375
  -1.8706051
  -0.9960033
  -1.0849979
  -0.8544331
  -1.8000492
  -1.6055271
  -0.9270500
   0.3733523
   1.8309464
   0.2843002
  -0.3782712
  -0.5492870
  -1.9071821
  -3.2504728
  -3.5393558
  -3.4382081
  -2.3741889
  -1.9455506
  -1.9245131
  -1.7223607
  -1.1282671
  -1.0484920
  -0.4351232
  -1.7492414
  -1.9152907
  -1.1150785
  -0.7197419
  -0.4450927
  -1.2221641
  -1.7186384
  -1.6764831
  -1.0809864
  -0.2998632
  -0.0718428
   0.1928760
  -0.1100675
  -1.1590593
  -0.7627538
  -1.1440714
  -0.9319226
  -2.0362627
  -1.6093119
  -1.6920464
  -1.3986764
  -0.7595338
  -1.7203031
  -2.5448415
  -3.6928521
  -4.0475780
  -2.0401327
  -1.2856200
  -1.3850351
   0.8022775
   0.9620948
  -0.3697355
   0.7213435
   0.6635552
   1.7336587
   1.6403360
   0.9009647
   1.2572198
   0.8028833
   1.1792099
   1.2166023
   0.6936573
  -0.0177051
   0.3304781
   0.8813315
   0.2241226
  -0.2762411
   1.0116577
   1.4123493
   2.4735377
   2.6088059
   2.6918167
   1.4460577
   0.4363496
   0.6184619
   1.1854040
   0.4812560
   2.0295162
   0.9057608
   2.1642159
   4.1931800
   1.6174904
   0.0217853
   0.7493458
   0.0935953
   0.0735748
   1.2410007
   3.2630950
   1.5824153
   1.3186170
   1.1797957
   0.8131110
  -0.0230078
  -0.3584123
   0.6496880
   0.5366593
   0.4577034
  -0.5061519
  -1.1816180
   1.2990018
   0.2744623
  -1.2009542
  -1.5208980
  -1.3229224
  -1.7356739
  -1.9528699
  -1.1939858
  -1.6588823
  -0.8827213
  -1.1669341
  -1.7723527
  -1.1507787
  -0.7192931
   0.0730690
  -0.0137850
   0.7232640
   2.1017898
   1.8762207
   1.1757436
   0.2290342
  -0.0222727
   1.0497372
   0.6588861
   0.9185386
   1.1503305
   1.7816611
   2.4054135
   2.3294132
   2.7982709
   2.6765414
   1.5359478
   0.6311401
   0.9202754
   0.7774072
   0.8747431
   1.4942513
   1.6071599
   2.0094696
   1.5677993
   0.5084339
   0.0272940
  -0.9116528
  -2.2323699
  -0.0248438
  -0.1372309
  -0.1264804
  -0.7236262
  -1.8625087
  -2.0337886
  -2.8651262
  -2.3677124
  -3.1428511
  -2.9772838
  -0.3839516
   0.8284125
   2.1940171
   0.2074169
  -0.2310265
  -0.0260270
  -0.0429887
  -1.0607478
   2.1073762
   3.1581594
   3.0861396
   2.6450617
   2.2779155
   2.2232142
   3.0254792
   3.0103737
   2.7173787
   2.3134463
   0.6541654
   1.3308464
   1.4565336
  -0.0046361
  -0.7454703
   0.0478379
   1.6240753
   1.1674704
   1.0892454
   0.6431538
   1.8174135
  -0.3227241
  -0.3119950
  -1.9553383
  -1.6283343
  -1.0859610
  -0.1943367
   2.8429570
   2.9360271
   1.3614354
  -0.4595093
  -0.8703332
  -0.9004584
  -0.8362208
   0.4661284
   0.1334047
  -1.0374131
  -1.2328440
  -2.8210244
  -0.7363408
  -0.3459104
  -0.9900184
  -0.4070891
   1.0135529
   1.4545552
   2.8636328
   3.1713518
   4.1829682
   4.4413428
   4.7356204
   5.7743814
   2.9792420
   3.0203074
   2.4937208
   1.9257853
   2.8028319
   1.1752314
  -0.0411863
   0.7065934
  -0.6742805
  -0.6829832
  -2.7140430
  -2.1329318
   0.0058816
  -0.1779902
   0.8641599
  -0.6233022
  -2.6952464
  -3.6122795
  -3.2628638
  -3.6810004
  -1.8516611
  -0.6057351
  -2.4134076
  -1.5166771
   0.7570857
  -0.2960360
   0.7128889
   0.1409512
   2.0851018
   1.6016353
  -0.6578087
  -0.7838876
  -0.2821393
  -0.6104784
  -0.5018159
  -1.2175937
  -0.6680147
  -0.3738081
  -1.0805489
  -2.2659727
  -1.4939932
  -0.6473221
   0.3413495
   1.2086930
   0.5259429
   1.1152771
   1.1818351
   1.6271105
   3.0199985
   2.0498724
   1.9608004
   1.3752451
  -0.0891088
   1.0693696
   1.3019794
   1.3269419
   1.1174800
  -0.0930056
   1.4121316
   0.5518955
   0.0928759
  -0.8356983
  -0.7354485
  -1.4050536
   0.0243771
  -0.1177914
  -1.3237646
   0.1047702
   0.1835415
  -1.2601855
   0.3571370
   1.7387224
   1.7359148
   0.9445320
  -0.0936370
   0.1387240
   1.5165431
   1.1267191
   1.6251514
   1.2922093
   1.3091211
  -0.9032263
  -1.8650817
  -2.2208086
  -2.6506781
  -0.4890675
   0.1498562
  -0.8158606
  -2.0050352
  -2.3658147
  -1.0976816
   1.0578797
   1.3719860
   1.1043718
  -0.6651234
  -0.3898429
   0.0493658
   0.1685783
  -1.1139823
   0.3413451
  -0.2782619
   0.5799919
  -0.4182155
   0.0341271
  -0.2718689
  -1.5864927
  -2.8273427
  -3.5752265
  -1.3808597
  -1.9272147
  -1.0799940
  -1.6611167
  -1.9386386
  -1.9694575
  -3.7733172
  -2.8511033
  -2.4680408
  -0.9617122
   0.1664621
  -0.1682891
  -0.7889492
  -1.2173708
  -0.2164918
   1.3257074
   3.0406733
   3.3459468
   4.8098850
   3.6555794
   2.5984941
   2.3302472
   2.2352290
   1.8724001
   0.7633039
   0.5385799
  -1.4424625
  -1.0626471
   1.7418095
   0.7740046
   2.3773314
   1.1293464
   0.2523324
  -0.6860537
  -0.0944728
  -0.0272013
  -0.2914600
  -0.3751626
  -0.3553448
  -1.6267791
  -1.9031137
  -2.2888808
  -3.2379631
  -1.9852219
  -3.8437755
  -3.0846379
  -2.5238558
  -1.5742467
  -0.1056479
   0.7200910
   1.9106912
   0.1174121
   1.4000862
   1.3838536
   0.0574286
   0.7246066
  -1.5430600
  -1.0564769
   0.3766270
   0.5815926
   0.7905319
   1.3372661
   1.7182139
   3.1135251
   1.8497375
   2.4150606
   1.7887167
   2.4345433
   2.4338194
   4.4952507
   3.8339542
   4.3979463
   2.7091975
   1.5124655
   0.6494982
   0.7807252
   2.1885618
   1.7759346
   1.4501228
   0.2443513
   0.7490311
   2.8499731
   2.7767922
   2.6212204
   1.7430663
   2.3746181
   2.2823192
   2.8025939
   0.8317049
   1.4374276
   1.4120396
   0.6230015
   0.1912203
   0.1407803
  -1.1626251
  -0.9057191
  -1.5529835
  -1.7750300
  -2.4108730
  -2.7949302
  -2.1944049
  -1.5990649
  -3.0323347
  -1.0003067
  -1.1775372
  -0.8079120
  -0.7400258
  -1.6187881
  -1.7587309
  -2.1533455
  -0.7132399
   1.0313821
  -0.4816668
  -2.1451198
  -2.1581929
  -0.6200052
  -0.2732275
  -1.2552515
  -0.9984748
   0.1559242
   1.8973158
   1.9207438
  -0.2667913
   1.1191829
   2.7495007
   3.5607121
   1.4736438
   1.8747406
   0.6763088
  -0.4213444
   0.1387334
   0.9372135
   1.3205339
   2.0874304
   0.6883243
   1.1596190
  -0.5945541
  -0.5147584
  -0.3968253
  -1.1368176
  -0.8037945
  -1.3064258
  -2.2435489
   0.3969889
   1.0085009
   1.9160976
   1.0230674
  -0.3358985
  -1.0849636
   1.0336262
   1.2885605
   1.2091940
  -0.2895630
   0.2848258
   0.8898605
   2.0723134
   1.5532201
   2.6844996
   0.5553413
   1.7066311
   1.5274890
  -0.6974169
  -0.5491500
  -0.1080928
   0.2971086
   2.0183373
   3.0351676
   3.3866770
   3.5098507
   5.3551481
   5.3436059
   5.2124962
   5.1658910
   3.3849397
   4.1674084
   3.0825628
   4.6532351
   5.2424374
   4.0245971
   2.2978686
   1.9662436
   1.0240366
   0.2841767
  -0.5529646
   0.1598795
   0.4222727
   0.5750006
   0.7443402
  -0.4587037
  -0.3095251
  -0.6438183
  -0.0670559
  -0.2247120
  -0.6865567
   1.2376216
   0.3955041
  -0.9677559
   1.0293040
  -0.1455983
   1.1337762
   0.7079408
   0.1148657
   1.5418438
   1.6127552
   0.8237246
   0.3350774
  -0.1404996
   0.0868321
   0.2838600
  -0.0089103
  -1.1359368
  -1.6251389
  -2.2189493
  -3.0578501
  -2.9604583
  -1.6869825
  -1.0842747
  -1.6285004
  -2.0907608
  -0.7607178
   0.3432660
   0.6786314
   0.2256897
  -1.2494970
  -1.1236847
  -0.7708920
   0.1026504
  -1.0067594
  -1.8409891
  -1.1529307
  -0.5687123
  -0.9387496
  -1.3146429
  -1.8528120
  -2.1142387
   1.3474587
   1.5523617
   2.2690630
   0.7950393
   1.2917396
  -0.2578663
  -0.0505369
   0.5589787
   1.6172449
   1.1024006
  -0.1593396
  -1.1760168
   0.0159577
   0.5002510
   1.1651365
  -0.5347202
  -0.5444497
   1.8414653
   1.7450929
   2.2554308
   0.3421550
  -0.2972589
   0.3855610
  -0.1525283
   0.2896499
   0.8710899
  -0.5717121
  -1.5074964
  -1.0565211
  -0.9848330
   0.0755523
   1.2488858
   2.3759132
   1.3562738
   1.5383270
  -0.5059171
  -2.2442206
  -2.1052050
  -1.1554205
  -0.8425971
  -0.3398353
   0.1936818
  -0.0227090
  -2.3492223
  -0.1157508
  -1.3621585
  -0.9968458
  -0.8451991
   0.4392429
  -0.8618554
  -0.9080431
  -0.6134549
  -0.3258033
  -0.1788566
  -0.5195169
   0.3078437
  -0.2208344
   0.1102394
   0.1735074
   0.8558134
  -0.1338175
  -0.6808444
   0.3600967
   1.2229427
   1.7302808
   2.5698897
   5.1013996
   3.2540768
   3.2325438
   1.9137319
   2.2953913
   3.4136804
   4.5501863
   3.0538643
   0.8347243
  -0.3624068
   0.3225225
  -0.1611490
  -0.3668776
  -0.1584164
   0.4653565
   1.6801959
   1.5182629
   1.5437481
   0.6257950
  -0.7370543
   1.2895581
   1.2193908
   1.9324316
   1.6044175
   3.5889343
   3.8146992
   2.3746762
   2.0496036
   2.1550563
   1.0804323
   1.9718332
   2.6778936
   3.1042893
   2.7794848
   2.5021419
   3.8769312
   2.9880201
   2.0169583
   0.7612600
   0.6314822
   0.8832321
  -0.1205615
   0.9011485
   1.3185834
   0.4633221
   0.9489636
   1.4741144
   0.2060408
  -1.2933534
  -2.2432097
  -2.9415562
  -0.6468238
  -0.7861262
   0.0667613
   0.1915895
   1.7200156
   2.2897531
   2.7933465
   2.3024358
   1.9419908
   2.8461946
   1.7173463
   0.5412363
   0.8074729
   1.1108993
   0.4248918
   0.3484293
  -0.3736506
   0.5077910
   1.2883273
   2.4177365
   2.4657028
   2.9271446
   1.3270241
  -0.1747537
   0.0196706
  -0.5814220
   0.4428127
   1.1238256
   1.2715325
   2.0294509
   2.0730751
   1.1543714
   0.6154251
   2.1247424
   2.5417748
   3.5103923
   2.8721214
   1.5630736
   1.3072428
   1.8597962
   1.9840464
   1.4826794
   0.9081290
   2.1203722
   2.9405281
   3.0809359
   3.1492050
   4.0213132
   1.6751196
   1.5889637
   1.7935676
   0.9826862
   1.4667202
   1.3580235
  -0.0770805
  -1.1113273
  -0.9866503
  -0.5406641
   0.9388478
   1.8053135
   3.7883112
   3.4641639
   2.8288974
   3.0759386
   2.0940098
   3.1970068
   3.8608668
   1.9442329
   1.2063537
   0.7400983
  -0.6537408
  -1.0695733
  -0.8520556
  -0.9240103
  -1.7002098
  -1.1176609
  -2.1372177
  -1.2413846
  -1.4676832
  -1.4789205
